# g E0 dE/E VOP ZXZ X
5.000000000000000000e-01 -1.063544328887695567e+00 7.624098780939630224e-08 1.361348008781898241e-04 9.342158206409034715e-01 2.586570165399968424e-01
5.166666666666667185e-01 -1.067932679754428404e+00 1.018092659763386581e-07 1.571373274078582407e-04 9.294871724353668263e-01 2.679590466415051608e-01
5.333333333333333259e-01 -1.072476735074156418e+00 1.156477519291415693e-07 1.190235391927447085e-03 9.245622838947267219e-01 2.773395960580058994e-01
5.500000000000000444e-01 -1.077177827726414794e+00 1.422606285903209842e-07 2.076287949839437312e-04 9.194353541543406338e-01 2.868044975313441269e-01
5.666666666666666519e-01 -1.082037427454159983e+00 1.591703955030121225e-07 1.377006428573765949e-03 9.141005669139052880e-01 2.963591658339505552e-01
5.833333333333333703e-01 -1.087057036309602376e+00 2.002962078656114954e-07 1.173639218118192103e-03 9.085519343991133034e-01 3.060087462726497898e-01
5.999999999999999778e-01 -1.092238289573469023e+00 2.691545900447536992e-07 7.761920106524747634e-04 9.027830601752691031e-01 3.157587160213797262e-01
6.166666666666666963e-01 -1.097582978531365328e+00 3.265765841423691387e-07 3.449206602392004134e-04 8.967844960842515922e-01 3.256191609905076945e-01
6.333333333333333037e-01 -1.103092908691613694e+00 4.291036109508609392e-07 5.361060149594746920e-04 8.905511136920822857e-01 3.355923081761883475e-01
6.500000000000000222e-01 -1.108770286345204692e+00 3.879672918816847137e-07 4.685795318179681365e-04 8.840686812343345746e-01 3.456947776252358717e-01
6.666666666666666297e-01 -1.114617085610702718e+00 3.547525804036573747e-07 2.657391599239572943e-04 8.773316695217724392e-01 3.559281242247435140e-01
6.833333333333333481e-01 -1.120635479046341310e+00 4.414471171367918470e-07 3.598764234250990957e-04 8.703292722188751274e-01 3.663017663372604149e-01
6.999999999999999556e-01 -1.126828427089501261e+00 2.134286059922331298e-07 4.911262756437058180e-04 8.630429433160926589e-01 3.768364056904524029e-01
7.166666666666666741e-01 -1.133198087777738783e+00 1.257495363357333493e-07 1.086893215494598094e-03 8.554649662084387041e-01 3.875345883114451051e-01
7.333333333333333925e-01 -1.139747435552291632e+00 9.877913110371879995e-08 2.127400870465686288e-04 8.475794211903093789e-01 3.984109290230108957e-01
7.500000000000000000e-01 -1.146479623804668613e+00 1.138843411724695354e-07 2.170393073445427536e-04 8.393664295597682568e-01 4.094842591772527296e-01
7.666666666666666075e-01 -1.153398104118208867e+00 1.378870865933141707e-07 2.076145560883986375e-05 8.308065346229881465e-01 4.207716130322521342e-01
7.833333333333333259e-01 -1.160506614014403803e+00 1.698427527490957367e-07 2.440312765601947164e-04 8.218786407518797743e-01 4.322910296968289212e-01
8.000000000000000444e-01 -1.167809278488824987e+00 1.969771574127804283e-07 8.522779736325940955e-06 8.125527319146618188e-01 4.440706833176975010e-01
8.166666666666666519e-01 -1.175310597933166834e+00 2.597791762150490024e-07 3.684907021616952991e-06 8.027988097394737066e-01 4.561368835724151638e-01
8.333333333333332593e-01 -1.183015626878738846e+00 3.681576827855122476e-07 1.574758808607974899e-04 7.925800074113570348e-01 4.685227433608601388e-01
8.499999999999999778e-01 -1.190930042362343011e+00 5.338781599956920526e-07 7.977921505776807169e-05 7.818497694792380104e-01 4.812709092742425976e-01
8.666666666666666963e-01 -1.199060326882992022e+00 7.353851167660891959e-07 1.532583317383767339e-04 7.705532327371992229e-01 4.944312627032316776e-01
8.833333333333333037e-01 -1.207413748461945158e+00 1.095192417807296125e-06 4.521378837755280454e-04 7.586237672240503382e-01 5.080641297032804093e-01
9.000000000000000222e-01 -1.215998905239080052e+00 1.652030537395864811e-06 4.799814719913325580e-04 7.459804380787655731e-01 5.222427412892337584e-01
9.166666666666667407e-01 -1.224825930893967074e+00 2.527643382957847919e-06 7.733437464207385979e-04 7.324761891507002298e-01 5.371088092294283856e-01
9.333333333333333481e-01 -1.233907308694124128e+00 3.782748888845097163e-06 9.048940885043369430e-04 7.179818821147878616e-01 5.527772427635833097e-01
9.499999999999999556e-01 -1.243257927997699408e+00 6.254715051694214738e-06 2.469211963832660620e-03 7.022553523588453972e-01 5.694763954093207126e-01
9.666666666666666741e-01 -1.252898088503526575e+00 1.082131843846159592e-05 4.772096530994943304e-03 6.848972998789664146e-01 5.875870227150674641e-01

9.694444443799999922e-01 -1.254534689510736323e+00 1.197729798970988549e-05 5.865134556957729214e-03 6.818129416394257403e-01 5.907731497059457437e-01
9.722222221599999825e-01 -1.256180270903377139e+00 1.326055262139711754e-05 5.683175772481850567e-03 6.786552209581607764e-01 5.940257656959548882e-01
9.749999999399999728e-01 -1.257834936023804806e+00 1.475425823915311746e-05 7.020469042528991281e-03 6.754305798538694505e-01 5.973378012366908907e-01
9.777777777199999631e-01 -1.259498882200117409e+00 1.648556176832893973e-05 8.304187541877271553e-03 6.721337969035401372e-01 6.007142918160907064e-01
9.805555555000000645e-01 -1.261172333582310623e+00 1.848376941058637948e-05 9.800999313939670610e-03 6.687458725913389967e-01 6.041742945292718492e-01
9.833333332800000548e-01 -1.262855815837549356e+00 2.056926173710825690e-05 9.729230456380263611e-03 6.652387053852966137e-01 6.077462140522102985e-01
9.861111110600000451e-01 -1.264549046487283945e+00 2.324188712871609190e-05 1.142135908186500334e-02 6.616534539073489762e-01 6.113870798310631072e-01
9.888888888400000354e-01 -1.266252523769683558e+00 2.643649094203960094e-05 1.389673929242452206e-02 6.579539861021705960e-01 6.151333527278978197e-01
9.916666666200000257e-01 -1.267966949927936460e+00 3.000665366986265706e-05 1.543029701598831738e-02 6.529129554540188396e-01 6.202225154650921057e-01
9.944444444000000161e-01 -1.269701144086885725e+00 2.754157742034065687e-05 2.146218122276662837e-02 6.453189619944867950e-01 6.278703507355043456e-01
9.972222221800000064e-01 -1.271454037262090164e+00 2.068321344475596132e-05 3.091519733513301699e-02 6.393051747266257356e-01 6.339097229036313452e-01
9.999999999599999967e-01 -1.273222342811916930e+00 1.351033892431763165e-05 3.865248547376309157e-02 6.340576939920498090e-01 6.391646488454254538e-01
1.002777777739999987e+00 -1.275004667897610577e+00 9.742711221056216581e-06 4.660706580535198956e-02 6.292208401665638773e-01 6.439949528862402017e-01
1.005555555519999977e+00 -1.276799810909693855e+00 7.596443520865496701e-06 5.393570668835497711e-02 6.247434894685456319e-01 6.484538003511479687e-01
1.008333333299999968e+00 -1.278606961143313070e+00 6.157121963908586024e-06 6.385761366482682611e-02 6.205212891300767586e-01 6.526469474727235598e-01
1.011111111079999958e+00 -1.280425460618363376e+00 5.104843150820412245e-06 7.287758078517268812e-02 6.165127265424877878e-01 6.566169897655784737e-01
1.013888888859999948e+00 -1.282254689855945040e+00 4.335727593257758357e-06 7.861937650959591184e-02 6.126845433209924252e-01 6.603979527980793351e-01
1.016666666639999939e+00 -1.284094210020649163e+00 3.735855039417072405e-06 8.999960911999768665e-02 6.090005414111044901e-01 6.640265594328007559e-01
1.019444444419999929e+00 -1.285943605238498044e+00 3.255493193793504467e-06 1.001929031060971170e-01 6.054500006468275242e-01 6.675141626640469505e-01
1.022222222199999919e+00 -1.287802503372550644e+00 2.867211758386977095e-06 1.047444877923168621e-01 6.020215478851025370e-01 6.708726739091495084e-01
1.024999999980000132e+00 -1.289670585253601898e+00 2.543607737379872354e-06 1.153145087825364623e-01 5.986929813663804945e-01 6.741244916465096715e-01
1.027777777760000122e+00 -1.291547549529990624e+00 2.274932984065425488e-06 1.193646323465583636e-01 5.954623520858981500e-01 6.772720841009717274e-01

1.033333333333333215e+00 -1.295327094389751688e+00 1.847711049039324206e-06 1.350581771558372890e-01 5.892425585657375953e-01 6.833076153198536229e-01
1.050000000000000044e+00 -1.306855024420278566e+00 1.106357673685323549e-06 1.527091010220305023e-01 5.722120563184720510e-01 6.996599698310129734e-01
1.066666666666666652e+00 -1.318638266985846075e+00 7.500263252145855367e-07 1.727527346698152222e-01 5.569855413136177713e-01 7.140494308861005113e-01
1.083333333333333481e+00 -1.330648434091715959e+00 5.436676522241162918e-07 1.930125966215476552e-01 5.431154195621171743e-01 7.269535520948262608e-01
1.100000000000000089e+00 -1.342863477087423263e+00 4.063238678319886362e-07 2.121904305845759842e-01 5.303230429686114356e-01 7.386731221613381804e-01
1.116666666666666696e+00 -1.355265438288093982e+00 3.207834467899853819e-07 2.215420546919005529e-01 5.184216736001039383e-01 7.494123268214057942e-01
1.133333333333333304e+00 -1.367839301686905706e+00 2.534951363286441495e-07 2.372780493802961466e-01 5.072748282537331566e-01 7.593215942482109959e-01
1.149999999999999911e+00 -1.380572165486515068e+00 2.089452103516501915e-07 2.451812642637428430e-01 4.967851685786896510e-01 7.685104321947692219e-01
1.166666666666666519e+00 -1.393452835805553791e+00 1.672683937173740759e-07 2.608955780678889891e-01 4.868704631061647747e-01 7.770706052301331601e-01
1.183333333333333348e+00 -1.406471412093494022e+00 1.390426101967574400e-07 2.691606624858705055e-01 4.774706773775969637e-01 7.850710434764730516e-01
1.199999999999999956e+00 -1.419619107500463606e+00 1.179173660213325650e-07 2.774891926413735610e-01 4.685308400462289136e-01 7.925735563193627709e-01
1.216666666666666785e+00 -1.432888038540645725e+00 1.003762049262673180e-07 2.862778692666444469e-01 4.600086659621918650e-01 7.996268816791802791e-01
1.233333333333333393e+00 -1.446271083048558337e+00 8.646522690607605341e-08 2.947657101449531192e-01 4.518670099722064126e-01 8.062735728294390114e-01
1.250000000000000000e+00 -1.459761778151662082e+00 7.364154173902450170e-08 3.042373832060115135e-01 4.440740094128830528e-01 8.125502150216915576e-01
1.266666666666666607e+00 -1.473354223767822102e+00 6.210966522270332595e-08 3.147199964194126176e-01 4.366028412737978925e-01 8.184879337778568908e-01
1.283333333333333215e+00 -1.487043012625599347e+00 5.308959982392822655e-08 3.241541312946362163e-01 4.294272814716893483e-01 8.241161541626391696e-01
1.300000000000000044e+00 -1.500823174804319704e+00 4.588861294188319068e-08 3.335524246874275733e-01 4.225285765400653148e-01 8.294573833578888777e-01
1.316666666666666652e+00 -1.514690123693461787e+00 4.066963950665010409e-08 3.417722703809834561e-01 4.158871161343432044e-01 8.345339298467187028e-01
1.333333333333333481e+00 -1.528639618412428902e+00 3.537911453439954369e-08 3.502726606474366178e-01 4.094852804746633157e-01 8.393657534873993908e-01
1.350000000000000089e+00 -1.542667720842473944e+00 3.037296953738825128e-08 3.609295976948621587e-01 4.033082391230057295e-01 8.439699864836225363e-01
1.366666666666666696e+00 -1.556770767375211584e+00 2.659147623240300976e-08 3.693780440275271637e-01 3.973430943235811141e-01 8.483617120095772179e-01
1.383333333333333304e+00 -1.570945345143165195e+00 2.362548183991992779e-08 3.777977085536788349e-01 3.915766027892126910e-01 8.525557174039798403e-01
1.399999999999999911e+00 -1.585188266830199089e+00 2.095888387883481087e-08 3.860438316907676137e-01 3.859972456251157813e-01 8.565650151607451246e-01
1.416666666666666519e+00 -1.599496548852749278e+00 1.884306101616788198e-08 3.940408588277068413e-01 3.805953017753839207e-01 8.604008803183277321e-01
1.433333333333333348e+00 -1.613867396466296400e+00 1.634279629785520579e-08 4.032837028529160373e-01 3.753607162003688158e-01 8.640744281464377563e-01
1.449999999999999956e+00 -1.628298182757191404e+00 1.451188889254282666e-08 4.117435446962784407e-01 3.702850626675450729e-01 8.675952552531347450e-01
1.466666666666666785e+00 -1.642786440287399952e+00 1.277669391886086533e-08 4.212610986044031947e-01 3.653605150622621367e-01 8.709722217850898174e-01
1.483333333333333393e+00 -1.657329844863655977e+00 1.117992621397872980e-08 4.313529947003327258e-01 3.605788242449045056e-01 8.742141712489083227e-01
1.500000000000000000e+00 -1.671926205074235838e+00 9.846103803589248469e-09 4.409568101779163807e-01 3.559337490138922422e-01 8.773283040411679057e-01