0.000000000000000000e+00 1.000000000000000000e+00 1.000000000000000000e+00 1.000000000000000000e+00 1.000000000000000000e+00 1.000000000000000000e+00 -1.703269686750830125e-13 8.594085729521361294e-14 -4.788308421641018775e-14 -6.880563827027508239e-15 2.871883503577365992e-14 -1.970633264859397715e-13
2.451612986624240875e-02 1.003582596778869629e+00 9.974470138549804688e-01 9.887206554412841797e-01 1.006448626518249512e+00 1.001617312431335449e+00 6.529228761792182922e-03 3.582593752071261406e-03 -2.552979625761508942e-03 9.260118007659912109e-03 2.149556064978241920e-03 5.391106940805912018e-03
4.903225973248481750e-02 1.007114529609680176e+00 9.948307871818542480e-01 9.772253632545471191e-01 1.012806177139282227e+00 1.003253698348999023e+00 1.313549932092428207e-02 7.114572450518608093e-03 -5.169189535081386566e-03 1.865435019135475159e-02 4.268742166459560394e-03 1.084582787007093430e-02
7.354838401079177856e-02 1.010593652725219727e+00 9.921498298645019531e-01 9.655103087425231934e-01 1.019068479537963867e+00 1.004909276962280273e+00 1.981906779110431671e-02 1.059362106025218964e-02 -7.850157096982002258e-03 2.818406745791435242e-02 6.356173660606145859e-03 1.636436395347118378e-02
9.806451946496963501e-02 1.014017343521118164e+00 9.894025921821594238e-01 9.535713791847229004e-01 1.025231242179870605e+00 1.006584048271179199e+00 2.658008970320224762e-02 1.401734538376331329e-02 -1.059743110090494156e-02 3.785067424178123474e-02 8.410407230257987976e-03 2.194686233997344971e-02
1.225806474685668945e-01 1.017383217811584473e+00 9.865874052047729492e-01 9.414045214653015137e-01 1.031289815902709961e+00 1.008278012275695801e+00 3.341870009899139404e-02 1.738320477306842804e-02 -1.341259479522705078e-02 4.765545204281806946e-02 1.042992249131202698e-02 2.759342268109321594e-02
1.470967680215835571e-01 1.020688533782958984e+00 9.837027788162231445e-01 9.290058016777038574e-01 1.037239432334899902e+00 1.009991168975830078e+00 4.033493623137474060e-02 2.068856172263622284e-02 -1.629720255732536316e-02 5.759970843791961670e-02 1.241313945502042770e-02 3.330407291650772095e-02
1.716129034757614136e-01 1.023930668830871582e+00 9.807471036911010742e-01 9.163711071014404297e-01 1.043075203895568848e+00 1.011723637580871582e+00 4.732879251241683960e-02 2.393063902854919434e-02 -1.925290748476982117e-02 6.768458336591720581e-02 1.435838826000690460e-02 3.907881677150726318e-02
1.961290389299392700e-01 1.027106523513793945e+00 9.777186512947082520e-01 9.034965634346008301e-01 1.048791766166687012e+00 1.013475298881530762e+00 5.440018698573112488e-02 2.710655331611633301e-02 -2.228132076561450958e-02 7.791119813919067383e-02 1.626393198966979980e-02 4.491758719086647034e-02
2.206451594829559326e-01 1.030213236808776855e+00 9.746159315109252930e-01 8.903780579566955566e-01 1.054383873939514160e+00 1.015246033668518066e+00 6.154893711209297180e-02 3.021327406167984009e-02 -2.538408897817134857e-02 8.828062564134597778e-02 1.812796480953693390e-02 5.082022398710250854e-02
2.451612949371337891e-01 1.033247709274291992e+00 9.714371562004089355e-01 8.770117163658142090e-01 1.059845805168151855e+00 1.017035961151123047e+00 6.877481937408447266e-02 3.324765339493751526e-02 -2.856286801397800446e-02 9.879381209611892700e-02 1.994859613478183746e-02 5.678653344511985779e-02
2.696774303913116455e-01 1.036206483840942383e+00 9.681806564331054688e-01 8.633936047554016113e-01 1.065171599388122559e+00 1.018844842910766602e+00 7.607744634151458740e-02 3.620642423629760742e-02 -3.181933239102363586e-02 1.094516292214393616e-01 2.172385156154632568e-02 6.281624734401702881e-02
2.941935360431671143e-01 1.039086103439331055e+00 9.648448824882507324e-01 8.495197892189025879e-01 1.070355057716369629e+00 1.020672678947448730e+00 8.345645666122436523e-02 3.908615559339523315e-02 -3.515513613820075989e-02 1.202548742294311523e-01 2.345169149339199066e-02 6.890900433063507080e-02
3.187096714973449707e-01 1.041883230209350586e+00 9.614279866218566895e-01 8.353865146636962891e-01 1.075389981269836426e+00 1.022519350051879883e+00 9.091127663850784302e-02 4.188328981399536133e-02 -3.857200965285301208e-02 1.312042027711868286e-01 2.512997388839721680e-02 7.506435364484786987e-02
3.432258069515228271e-01 1.044594168663024902e+00 9.579283595085144043e-01 8.209899663925170898e-01 1.080269455909729004e+00 1.024384498596191406e+00 9.844128042459487915e-02 4.459412395954132080e-02 -4.207164049148559570e-02 1.423001736402511597e-01 2.675647288560867310e-02 8.128178864717483521e-02
3.677419424057006836e-01 1.047214746475219727e+00 9.543442726135253906e-01 8.063263297080993652e-01 1.084986567497253418e+00 1.026268243789672852e+00 1.060457006096839905e-01 4.721476137638092041e-02 -4.565573483705520630e-02 1.535432189702987671e-01 2.832886017858982086e-02 8.756065368652343750e-02
3.922580778598785400e-01 1.049741148948669434e+00 9.506739377975463867e-01 7.913920879364013672e-01 1.089534163475036621e+00 1.028170108795166016e+00 1.137236207723617554e-01 4.974117502570152283e-02 -4.932608827948570251e-02 1.649336218833923340e-01 2.984470501542091370e-02 9.390023350715637207e-02
4.167741835117340088e-01 1.052169084548950195e+00 9.469156265258789062e-01 7.761834859848022461e-01 1.093904376029968262e+00 1.030089855194091797e+00 1.214740127325057983e-01 5.216913297772407532e-02 -5.308439955115318298e-02 1.764715611934661865e-01 3.130147606134414673e-02 1.002996414899826050e-01
4.412903189659118652e-01 1.054494261741638184e+00 9.430675506591796875e-01 7.606971263885498047e-01 1.098089694976806641e+00 1.032027363777160645e+00 1.292956918478012085e-01 5.449425056576728821e-02 -5.693245679140090942e-02 1.881569921970367432e-01 3.269654512405395508e-02 1.067579314112663269e-01
4.658064544200897217e-01 1.056712031364440918e+00 9.391280412673950195e-01 7.449295520782470703e-01 1.102081656455993652e+00 1.033982157707214355e+00 1.371873766183853149e-01 5.671199783682823181e-02 -6.087196245789527893e-02 1.999897658824920654e-01 3.402720019221305847e-02 1.132739782333374023e-01
4.903225898742675781e-01 1.058817744255065918e+00 9.350953698158264160e-01 7.288777232170104980e-01 1.105871915817260742e+00 1.035953998565673828e+00 1.451476067304611206e-01 5.881774425506591797e-02 -6.490463763475418091e-02 2.119695246219635010e-01 3.529063984751701355e-02 1.198466643691062927e-01
5.148386955261230469e-01 1.060806632041931152e+00 9.309678673744201660e-01 7.125385999679565430e-01 1.109452009201049805e+00 1.037942409515380859e+00 1.531748771667480469e-01 6.080666556954383850e-02 -6.903212517499923706e-02 2.240957915782928467e-01 3.648399934172630310e-02 1.264746636152267456e-01
5.393548607826232910e-01 1.062673807144165039e+00 9.267439842224121094e-01 6.959093213081359863e-01 1.112812876701354980e+00 1.039947032928466797e+00 1.612674444913864136e-01 6.267384439706802368e-02 -7.325603067874908447e-02 2.363679111003875732e-01 3.760430961847305298e-02 1.331566125154495239e-01
5.638709664344787598e-01 1.064414143562316895e+00 9.224220514297485352e-01 6.789874434471130371e-01 1.115945577621459961e+00 1.041967272758483887e+00 1.694235354661941528e-01 6.441418081521987915e-02 -7.757796347141265869e-02 2.487849444150924683e-01 3.864850848913192749e-02 1.398909837007522583e-01
5.883870720863342285e-01 1.066022276878356934e+00 9.180004596710205078e-01 6.617703437805175781e-01 1.118840217590332031e+00 1.044002771377563477e+00 1.776410192251205444e-01 6.602232158184051514e-02 -8.199954032897949219e-02 2.613458037376403809e-01 3.961339220404624939e-02 1.466760784387588501e-01
6.129032373428344727e-01 1.067492961883544922e+00 9.134777784347534180e-01 6.442560553550720215e-01 1.121487259864807129e+00 1.046053051948547363e+00 1.859178245067596436e-01 6.749292463064193726e-02 -8.652222901582717896e-02 2.740492224693298340e-01 4.049575328826904297e-02 1.535101234912872314e-01
6.374193429946899414e-01 1.068820357322692871e+00 9.088525176048278809e-01 6.264426112174987793e-01 1.123876690864562988e+00 1.048117399215698242e+00 1.942515969276428223e-01 6.882037967443466187e-02 -9.114751219749450684e-02 2.868936359882354736e-01 4.129223152995109558e-02 1.603912264108657837e-01
6.619355082511901855e-01 1.069998979568481445e+00 9.041232466697692871e-01 6.083282232284545898e-01 1.125998139381408691e+00 1.050195217132568359e+00 2.026398032903671265e-01 6.999894231557846069e-02 -9.587676823139190674e-02 2.998773753643035889e-01 4.199936613440513611e-02 1.673172712326049805e-01
6.864516139030456543e-01 1.071022629737854004e+00 8.992885351181030273e-01 5.899115800857543945e-01 1.127840757369995117e+00 1.052285790443420410e+00 2.110797315835952759e-01 7.102264463901519775e-02 -1.007114499807357788e-01 3.129982948303222656e-01 4.261358454823493958e-02 1.742860227823257446e-01
7.109677195549011230e-01 1.071885347366333008e+00 8.943471908569335938e-01 5.711914896965026855e-01 1.129393696784973145e+00 1.054388523101806641e+00 2.195684611797332764e-01 7.188536226749420166e-02 -1.056528314948081970e-01 3.262541592121124268e-01 4.313122108578681946e-02 1.812950670719146729e-01
7.354838848114013672e-01 1.072580814361572266e+00 8.892977833747863770e-01 5.521672368049621582e-01 1.130645513534545898e+00 1.056502580642700195e+00 2.281029224395751953e-01 7.258085161447525024e-02 -1.107022166252136230e-01 3.396424651145935059e-01 4.354851320385932922e-02 1.883418560028076172e-01
7.599999904632568359e-01 1.073102712631225586e+00 8.841392993927001953e-01 5.328384041786193848e-01 1.131584763526916504e+00 1.058627128601074219e+00 2.366798222064971924e-01 7.310267537832260132e-02 -1.158607006072998047e-01 3.531603217124938965e-01 4.386160522699356079e-02 1.954237073659896851e-01
7.656666636466979980e-01 1.073186755180358887e+00 8.829238414764404297e-01 5.283170342445373535e-01 1.131736040115356445e+00 1.059116840362548828e+00 2.386568188667297363e-01 7.318671047687530518e-02 -1.170761585235595703e-01 3.562960028648376465e-01 4.391200467944145203e-02 1.970560401678085327e-01
7.713333368301391602e-01 1.073260903358459473e+00 8.817024827003479004e-01 5.237795114517211914e-01 1.131869673728942871e+00 1.059607028961181641e+00 2.406356930732727051e-01 7.326095551252365112e-02 -1.182974949479103088e-01 3.594382405281066895e-01 4.395656287670135498e-02 1.986899971961975098e-01
7.770000100135803223e-01 1.073325395584106445e+00 8.804752826690673828e-01 5.192258954048156738e-01 1.131985545158386230e+00 1.060097694396972656e+00 2.426164895296096802e-01 7.332538813352584839e-02 -1.195247247815132141e-01 3.625870347023010254e-01 4.399519786238670349e-02 2.003254443407058716e-01
7.826666831970214844e-01 1.073379874229431152e+00 8.792421221733093262e-01 5.146560668945312500e-01 1.132083773612976074e+00 1.060588717460632324e+00 2.445989549160003662e-01 7.337982207536697388e-02 -1.207578629255294800e-01 3.657422959804534912e-01 4.402792081236839294e-02 2.019625157117843628e-01
7.883333563804626465e-01 1.073424339294433594e+00 8.780030608177185059e-01 5.100702047348022461e-01 1.132163763046264648e+00 1.061080336570739746e+00 2.465833276510238647e-01 7.342430949211120605e-02 -1.219969168305397034e-01 3.689039647579193115e-01 4.405460134148597717e-02 2.036009728908538818e-01
7.940000295639038086e-01 1.073458671569824219e+00 8.767580986022949219e-01 5.054681897163391113e-01 1.132225751876831055e+00 1.061572313308715820e+00 2.485693693161010742e-01 7.345866411924362183e-02 -1.232418939471244812e-01 3.720720708370208740e-01 4.407524690032005310e-02 2.052408903837203979e-01
7.996666431427001953e-01 1.073482871055603027e+00 8.755071759223937988e-01 5.008500814437866211e-01 1.132269263267517090e+00 1.062064647674560547e+00 2.505572438240051270e-01 7.348291575908660889e-02 -1.244928091764450073e-01 3.752464950084686279e-01 4.408974945545196533e-02 2.068821191787719727e-01
8.053333163261413574e-01 1.073496937751770020e+00 8.742502927780151367e-01 4.962158203125000000e-01 1.132294297218322754e+00 1.062557458877563477e+00 2.525466382503509521e-01 7.349689304828643799e-02 -1.257496774196624756e-01 3.784272372722625732e-01 4.409811273217201233e-02 2.085247188806533813e-01
8.109999895095825195e-01 1.073500514030456543e+00 8.729875087738037109e-01 4.915655255317687988e-01 1.132300853729248047e+00 1.063050627708435059e+00 2.545376718044281006e-01 7.350048422813415527e-02 -1.270124912261962891e-01 3.816142082214355469e-01 4.410026967525482178e-02 2.101686596870422363e-01
8.166666626930236816e-01 1.073493599891662598e+00 8.717187047004699707e-01 4.868991672992706299e-01 1.132288575172424316e+00 1.063544154167175293e+00 2.565301358699798584e-01 7.349362224340438843e-02 -1.282812952995300293e-01 3.848074078559875488e-01 4.409618675708770752e-02 2.118139117956161499e-01
8.223333358764648438e-01 1.073475956916809082e+00 8.704439401626586914e-01 4.822167158126831055e-01 1.132257819175720215e+00 1.064038276672363281e+00 2.585235536098480225e-01 7.347595691680908203e-02 -1.295560747385025024e-01 3.880067169666290283e-01 4.408592358231544495e-02 2.134607881307601929e-01
8.280000090599060059e-01 1.073441624641418457e+00 8.691627383232116699e-01 4.775176942348480225e-01 1.132216572761535645e+00 1.064535260200500488e+00 2.605065405368804932e-01 7.344166934490203857e-02 -1.308372467756271362e-01 3.912117183208465576e-01 4.407217726111412048e-02 2.151175886392593384e-01
8.336666822433471680e-01 1.045931816101074219e+00 8.679655790328979492e-01 4.784341752529144287e-01 1.171228647232055664e+00 1.076380372047424316e+00 2.066474854946136475e-01 4.593181982636451721e-02 -1.320343911647796631e-01 3.862455487251281738e-01 5.707622691988945007e-02 2.546010911464691162e-01
8.393333554267883301e-01 1.033086657524108887e+00 8.674073815345764160e-01 4.803832471370697021e-01 1.187077879905700684e+00 1.081367254257202148e+00 1.823183894157409668e-01 3.308663144707679749e-02 -1.325926482677459717e-01 3.816471993923187256e-01 6.235928088426589966e-02 2.712241113185882568e-01
8.450000286102294922e-01 1.023120284080505371e+00 8.669081926345825195e-01 4.821921885013580322e-01 1.198565006256103516e+00 1.085077881813049316e+00 1.638934165239334106e-01 2.312030270695686340e-02 -1.330918073654174805e-01 3.774363100528717041e-01 6.618833541870117188e-02 2.835930883884429932e-01
8.506666421890258789e-01 1.014623403549194336e+00 8.664138913154602051e-01 4.838190078735351562e-01 1.207861661911010742e+00 1.088157415390014648e+00 1.485211253166198730e-01 1.462342869490385056e-02 -1.335860788822174072e-01 3.735132813453674316e-01 6.928724050521850586e-02 2.938579320907592773e-01
8.563333153724670410e-01 1.007063984870910645e+00 8.659064769744873047e-01 4.852629899978637695e-01 1.215774059295654297e+00 1.090844869613647461e+00 1.351177394390106201e-01 7.064034231007099152e-03 -1.340935081243515015e-01 3.698250055313110352e-01 7.192469388246536255e-02 3.028163313865661621e-01
8.619999885559082031e-01 1.000173926353454590e+00 8.653802275657653809e-01 4.865354597568511963e-01 1.222710847854614258e+00 1.093260765075683594e+00 1.231300011277198792e-01 1.739744620863348246e-04 -1.346197873353958130e-01 3.663374483585357666e-01 7.423695921897888184e-02 3.108690977096557617e-01
8.676666617393493652e-01 9.937874078750610352e-01 8.648278117179870605e-01 4.876424670219421387e-01 1.228894948959350586e+00 1.095472216606140137e+00 1.122211739420890808e-01 -6.212569773197174072e-03 -1.351721733808517456e-01 3.630197942256927490e-01 7.629833370447158813e-02 3.182407915592193604e-01
8.733333349227905273e-01 9.878078699111938477e-01 8.642538785934448242e-01 4.886033236980438232e-01 1.234495282173156738e+00 1.097526431083679199e+00 1.021806597709655762e-01 -1.219214312732219696e-02 -1.357461065053939819e-01 3.598567247390747070e-01 7.816511392593383789e-02 3.250880837440490723e-01
8.790000081062316895e-01 9.821637272834777832e-01 8.636590838432312012e-01 4.894302189350128174e-01 1.239618539810180664e+00 1.099453926086425781e+00 9.285678714513778687e-02 -1.783626712858676910e-02 -1.363409161567687988e-01 3.568319678306579590e-01 7.987283915281295776e-02 3.315129578113555908e-01
8.846666812896728516e-01 9.768014550209045410e-01 8.630433082580566406e-01 4.901327490806579590e-01 1.244338154792785645e+00 1.101275920867919922e+00 8.413688093423843384e-02 -2.319851703941822052e-02 -1.369566917419433594e-01 3.539308309555053711e-01 8.144604414701461792e-02 3.375865817070007324e-01
8.903333544731140137e-01 9.716840386390686035e-01 8.624095320701599121e-01 4.907233417034149170e-01 1.248717665672302246e+00 1.103009819984436035e+00 7.593816518783569336e-02 -2.831597253680229187e-02 -1.375904977321624756e-01 3.511435091495513916e-01 8.290588110685348511e-02 3.433661162853240967e-01
8.960000276565551758e-01 9.667811989784240723e-01 8.617593050003051758e-01 4.912115633487701416e-01 1.252803206443786621e+00 1.104668140411376953e+00 6.819459795951843262e-02 -3.321879729628562927e-02 -1.382407099008560181e-01 3.484605550765991211e-01 8.426772058010101318e-02 3.488939106464385986e-01
9.016666412353515625e-01 9.620686173439025879e-01 8.610939979553222656e-01 4.916056692600250244e-01 1.256630659103393555e+00 1.106260776519775391e+00 6.085292622447013855e-02 -3.793135657906532288e-02 -1.389060169458389282e-01 3.458734452724456787e-01 8.554353564977645874e-02 3.542026877403259277e-01
9.073333144187927246e-01 9.575262069702148438e-01 8.604145646095275879e-01 4.919127523899078369e-01 1.260228157043457031e+00 1.107795476913452148e+00 5.386935919523239136e-02 -4.247380048036575317e-02 -1.395854502916336060e-01 3.433745205402374268e-01 8.674271404743194580e-02 3.593182563781738281e-01
9.129999876022338867e-01 9.531379938125610352e-01 8.597225546836853027e-01 4.921400547027587891e-01 1.263620972633361816e+00 1.109278798103332520e+00 4.720817878842353821e-02 -4.686200618743896484e-02 -1.402774602174758911e-01 3.409575521945953369e-01 8.787363767623901367e-02 3.642626404762268066e-01
9.186666607856750488e-01 9.488902091979980469e-01 8.590190410614013672e-01 4.922935366630554199e-01 1.266828775405883789e+00 1.110715985298156738e+00 4.083892703056335449e-02 -5.110977217555046082e-02 -1.409809887409210205e-01 3.386167585849761963e-01 8.894293010234832764e-02 3.690534830093383789e-01
9.243333339691162109e-01 9.447707533836364746e-01 8.583046197891235352e-01 4.923781752586364746e-01 1.269867420196533203e+00 1.112111449241638184e+00 3.473531082272529602e-02 -5.522922426462173462e-02 -1.416953802108764648e-01 3.363465964794158936e-01 8.995581418275833130e-02 3.737048208713531494e-01
9.300000071525573730e-01 9.407696723937988281e-01 8.575803041458129883e-01 4.923990070819854736e-01 1.272751331329345703e+00 1.113468766212463379e+00 2.887506410479545593e-02 -5.923034995794296265e-02 -1.424196958541870117e-01 3.341424167156219482e-01 9.091712534427642822e-02 3.782292008399963379e-01
9.656666517257690430e-01 9.179587960243225098e-01 8.529513478279113770e-01 4.914711117744445801e-01 1.288386106491088867e+00 1.121370673179626465e+00 -3.373662708327174187e-03 -8.204119652509689331e-02 -1.470486670732498169e-01 3.216473460197448730e-01 9.612870216369628906e-02 4.045688807964324951e-01
1.001333355903625488e+00 8.981103897094726562e-01 8.481138944625854492e-01 4.889840483665466309e-01 1.300294995307922363e+00 1.128369569778442383e+00 -2.980835922062397003e-02 -1.018895879387855530e-01 -1.518860757350921631e-01 3.108657002449035645e-01 1.000983491539955139e-01 4.278986155986785889e-01
1.036999940872192383e+00 8.804613351821899414e-01 8.431851267814636230e-01 4.854669272899627686e-01 1.309600353240966797e+00 1.134729504585266113e+00 -5.214243009686470032e-02 -1.195386722683906555e-01 -1.568148583173751831e-01 3.013549447059631348e-01 1.032001152634620667e-01 4.490983188152313232e-01
1.072666645050048828e+00 8.645421266555786133e-01 8.382350206375122070e-01 4.812523126602172852e-01 1.316954851150512695e+00 1.140598893165588379e+00 -7.140307873487472534e-02 -1.354578584432601929e-01 -1.617649942636489868e-01 2.928265631198883057e-01 1.056516021490097046e-01 4.686629772186279297e-01
1.108333349227905273e+00 8.500381112098693848e-01 8.333095312118530273e-01 4.765630960464477539e-01 1.322787523269653320e+00 1.146072745323181152e+00 -8.826251327991485596e-02 -1.499619036912918091e-01 -1.666904538869857788e-01 2.850838601589202881e-01 1.075958460569381714e-01 4.869093298912048340e-01
1.144000053405761719e+00 8.367219567298889160e-01 8.284380435943603516e-01 4.715529978275299072e-01 1.327394604682922363e+00 1.151215791702270508e+00 -1.031901538372039795e-01 -1.632780581712722778e-01 -1.715619415044784546e-01 2.779847383499145508e-01 1.091315224766731262e-01 5.040526986122131348e-01
1.179666638374328613e+00 8.244258761405944824e-01 8.236431479454040527e-01 4.663349986076354980e-01 1.331005096435546875e+00 1.156077265739440918e+00 -1.165263056755065918e-01 -1.755740940570831299e-01 -1.763568520545959473e-01 2.714269757270812988e-01 1.103350445628166199e-01 5.202575922012329102e-01
1.215333342552185059e+00 8.130131363868713379e-01 8.189342021942138672e-01 4.609836339950561523e-01 1.333771586418151855e+00 1.160690546035766602e+00 -1.285319626331329346e-01 -1.869868338108062744e-01 -1.810658127069473267e-01 2.653270959854125977e-01 1.112571954727172852e-01 5.356349945068359375e-01
1.251000046730041504e+00 8.023780584335327148e-01 8.143204450607299805e-01 4.555587470531463623e-01 1.335827112197875977e+00 1.165084242820739746e+00 -1.394070386886596680e-01 -1.976219117641448975e-01 -1.856795251369476318e-01 2.596232891082763672e-01 1.119423732161521912e-01 5.502809882164001465e-01
1.286666631698608398e+00 7.924323081970214844e-01 8.098059892654418945e-01 4.501022398471832275e-01 1.337270736694335938e+00 1.169280409812927246e+00 -1.493113487958908081e-01 -2.075676769018173218e-01 -1.901940256357192993e-01 2.542645633220672607e-01 1.124235764145851135e-01 5.642681717872619629e-01
1.322333335876464844e+00 7.831046581268310547e-01 8.053949475288391113e-01 4.446488916873931885e-01 1.338192343711853027e+00 1.173298835754394531e+00 -1.583724915981292725e-01 -2.168953567743301392e-01 -1.946050524711608887e-01 2.492115050554275513e-01 1.127307787537574768e-01 5.776627659797668457e-01
1.358000040054321289e+00 7.743335366249084473e-01 8.010884523391723633e-01 4.392232298851013184e-01 1.338661074638366699e+00 1.177155017852783203e+00 -1.666959971189498901e-01 -2.256664931774139404e-01 -1.989115178585052490e-01 2.444305717945098877e-01 1.128870248794555664e-01 5.905168056488037109e-01
1.393666625022888184e+00 7.660669088363647461e-01 7.968870401382446289e-01 4.338445961475372314e-01 1.338737249374389648e+00 1.180862903594970703e+00 -1.743691563606262207e-01 -2.339330762624740601e-01 -2.031129747629165649e-01 2.398942112922668457e-01 1.129123941063880920e-01 6.028764843940734863e-01
1.429333329200744629e+00 7.582592964172363281e-01 7.927894592285156250e-01 4.285264909267425537e-01 1.338468551635742188e+00 1.184433817863464355e+00 -1.814657151699066162e-01 -2.417407333850860596e-01 -2.072105556726455688e-01 2.355785816907882690e-01 1.128228604793548584e-01 6.147794723510742188e-01
1.465000033378601074e+00 7.508708238601684570e-01 7.887939214706420898e-01 4.232789576053619385e-01 1.337895750999450684e+00 1.187877535820007324e+00 -1.880482584238052368e-01 -2.491291761398315430e-01 -2.112060785293579102e-01 2.314632982015609741e-01 1.126319169998168945e-01 6.262584328651428223e-01
1.500666618347167969e+00 7.438668012619018555e-01 7.848984003067016602e-01 4.181095063686370850e-01 1.337053894996643066e+00 1.191202759742736816e+00 -1.941702067852020264e-01 -2.561331689357757568e-01 -2.151016145944595337e-01 2.275308966636657715e-01 1.123512983322143555e-01 6.373423337936401367e-01
1.536333322525024414e+00 7.372250556945800781e-01 7.811105251312255859e-01 4.130382239818572998e-01 1.336017608642578125e+00 1.194427013397216797e+00 -1.998728364706039429e-01 -2.627749443054199219e-01 -2.188894748687744141e-01 2.237742245197296143e-01 1.120058521628379822e-01 6.480899453163146973e-01
1.572000026702880859e+00 7.309081554412841797e-01 7.774161100387573242e-01 4.080517590045928955e-01 1.334762692451477051e+00 1.197546124458312988e+00 -2.052018940448760986e-01 -2.690918147563934326e-01 -2.225838899612426758e-01 2.201706767082214355e-01 1.115875542163848877e-01 6.584871411323547363e-01
1.607666611671447754e+00 7.248921990394592285e-01 7.738127708435058594e-01 4.031530022621154785e-01 1.333313226699829102e+00 1.200566530227661133e+00 -2.101920247077941895e-01 -2.751078307628631592e-01 -2.261872440576553345e-01 2.167087942361831665e-01 1.111043989658355713e-01 6.685550808906555176e-01
1.643333315849304199e+00 7.191554903984069824e-01 7.702980041503906250e-01 3.983436822891235352e-01 1.331690192222595215e+00 1.203493833541870117e+00 -2.148736417293548584e-01 -2.808445096015930176e-01 -2.297020107507705688e-01 2.133784592151641846e-01 1.105633899569511414e-01 6.783127188682556152e-01
1.679000020027160645e+00 7.136786580085754395e-01 7.668692469596862793e-01 3.936247825622558594e-01 1.329912185668945312e+00 1.206333279609680176e+00 -2.192735671997070312e-01 -2.863213419914245605e-01 -2.331307232379913330e-01 2.101706266403198242e-01 1.099707111716270447e-01 6.877774000167846680e-01
1.714666724205017090e+00 7.084441781044006348e-01 7.635240554809570312e-01 3.889966607093811035e-01 1.327995657920837402e+00 1.209089517593383789e+00 -2.234155535697937012e-01 -2.915558218955993652e-01 -2.364759147167205811e-01 2.070772647857666016e-01 1.093318685889244080e-01 6.969649195671081543e-01
1.750333309173583984e+00 7.034360766410827637e-01 7.602599263191223145e-01 3.844591081142425537e-01 1.325955271720886230e+00 1.211766958236694336e+00 -2.273207306861877441e-01 -2.965639233589172363e-01 -2.397400885820388794e-01 2.040911018848419189e-01 1.086517795920372009e-01 7.058897614479064941e-01
1.786000013351440430e+00 6.986398696899414062e-01 7.570742368698120117e-01 3.800114393234252930e-01 1.323804140090942383e+00 1.214369535446166992e+00 -2.310079932212829590e-01 -3.013601005077362061e-01 -2.429257631301879883e-01 2.012055516242980957e-01 1.079347282648086548e-01 7.145651578903198242e-01
1.821666717529296875e+00 6.940422654151916504e-01 7.539645433425903320e-01 3.756527304649353027e-01 1.321553468704223633e+00 1.216900944709777832e+00 -2.344943284988403320e-01 -3.059577345848083496e-01 -2.460354417562484741e-01 1.984145492315292358e-01 1.071844995021820068e-01 7.230029702186584473e-01
1.857333302497863770e+00 6.896311640739440918e-01 7.509284615516662598e-01 3.713816404342651367e-01 1.319213867187500000e+00 1.219364404678344727e+00 -2.377948462963104248e-01 -3.103688359260559082e-01 -2.490715682506561279e-01 1.957128047943115234e-01 1.064046099781990051e-01 7.312146425247192383e-01
1.893000006675720215e+00 6.853954195976257324e-01 7.479636073112487793e-01 3.671970367431640625e-01 1.316794514656066895e+00 1.221763134002685547e+00 -2.409233748912811279e-01 -3.146046102046966553e-01 -2.520363926887512207e-01 1.930952370166778564e-01 1.055981889367103577e-01 7.392105460166931152e-01
1.928666710853576660e+00 6.813247799873352051e-01 7.450677156448364258e-01 3.630972206592559814e-01 1.314304113388061523e+00 1.224100112915039062e+00 -2.438922524452209473e-01 -3.186751902103424072e-01 -2.549322843551635742e-01 1.905573755502700806e-01 1.047680601477622986e-01 7.470005750656127930e-01
1.964333295822143555e+00 6.774099469184875488e-01 7.422386407852172852e-01 3.590804338455200195e-01 1.311750411987304688e+00 1.226378083229064941e+00 -2.467126846313476562e-01 -3.225900232791900635e-01 -2.577613592147827148e-01 1.880951523780822754e-01 1.039167940616607666e-01 7.545937895774841309e-01
2.000000000000000000e+00 6.736420989036560059e-01 7.394741177558898926e-01 3.551450967788696289e-01 1.309139728546142578e+00 1.228599429130554199e+00 -2.493950277566909790e-01 -3.263578712940216064e-01 -2.605258822441101074e-01 1.857045143842697144e-01 1.030465662479400635e-01 7.619982957839965820e-01
