# hx E0 deltaE VOP EOP
0.000000000000000000e+00 -1.000000000000000000e+00 0.000000000000000000e+00 0.000000000000000000e+00 5.551115123125782702e-16
5.000000000000000278e-02 -1.000624999999999654e+00 9.765630059589993467e-08 1.576061299843013158e-16 -6.661338147750939243e-16
1.000000000000000056e-01 -1.002499999999998836e+00 1.562512855859135368e-06 1.054558607328296513e-09 4.355737437400364342e-10
1.500000000000000222e-01 -1.005624999999999103e+00 7.910486895492081577e-06 2.589479524130106871e-10 -5.848647677275664591e-10
2.000000000000000111e-01 -1.010000000000000231e+00 2.500331994638957004e-05 3.626027698266877220e-12 -9.608980278130729857e-14
2.500000000000000000e-01 -1.015624999999999778e+00 6.105508091144250780e-05 4.765730219351209304e-11 -2.932676324007843505e-11
3.000000000000000444e-01 -1.022499999999999742e+00 1.266489172950259999e-04 3.164283624521389602e-14 -4.054534485931071686e-13
3.500000000000000333e-01 -1.030624999999999680e+00 2.347724285230749156e-04 1.734054396603135541e-10 3.224080447061794530e-10
4.000000000000000222e-01 -1.040000000000000036e+00 4.008836853490751161e-04 5.872332218371304991e-11 2.236227869545359681e-11
4.500000000000000111e-01 -1.050624999999999920e+00 6.430249721020409688e-04 7.355899206563355515e-09 1.338208399648266322e-08
5.000000000000000000e-01 -1.062500000000000222e+00 9.820088033644183180e-04 1.335078570906703631e-09 3.955350091899845211e-08
5.500000000000000444e-01 -1.075625000000000053e+00 1.441712506082154423e-03 4.797676059438220438e-09 -1.157459772471725046e-08
6.000000000000000888e-01 -1.090000000000000302e+00 2.049537150941432243e-03 1.025240719601033053e-10 3.845812557301542256e-11
6.500000000000000222e-01 -1.105624999999999636e+00 2.837120844852475572e-03 5.557529909096612220e-10 1.058004683862634465e-09
7.000000000000000666e-01 -1.122499999999999609e+00 3.841460296038932618e-03 7.080747676881944265e-11 -1.771331414879284694e-10
7.500000000000000000e-01 -1.140625000000000000e+00 5.106722860522685398e-03 3.590832476447685661e-09 -8.144902363671491230e-09
8.000000000000000444e-01 -1.159999999999999254e+00 6.687313696077949905e-03 1.077580642680741604e-08 -1.877421107465693240e-09
8.000000000000000444e-01 -1.160000000000000142e+00 6.687313696077189229e-03 3.192009045082578814e-08 8.802256501461158678e-08
8.016666666666667496e-01 -1.160667361111110241e+00 6.746191465029976672e-03 6.620149594341634388e-08 1.848640951429558754e-07
8.033333333333333437e-01 -1.161336111111110903e+00 6.805498251184045888e-03 1.297383139252441362e-09 -2.143911714824753290e-10
8.050000000000000488e-01 -1.162006249999999685e+00 6.865237062017693660e-03 5.489144509382504668e-09 2.850099722895294008e-08
8.066666666666667540e-01 -1.162677777777775256e+00 6.925410937303515951e-03 1.084106202649912814e-07 3.043938687774527807e-07
8.083333333333333481e-01 -1.163350694444444278e+00 6.986022949597841918e-03 5.860574362287910584e-09 -1.334674931685597699e-08
8.100000000000000533e-01 -1.164025000000000087e+00 7.047076205032636910e-03 2.917670084741696168e-08 8.212896607240338653e-08
8.116666666666666474e-01 -1.164700694444443574e+00 7.108573843957236536e-03 2.009587222704166486e-08 5.598088426150837904e-08
8.133333333333333526e-01 -1.165377777777777402e+00 7.170519041591965313e-03 1.475616149733784173e-08 3.074998777830018071e-08
8.150000000000000577e-01 -1.166056249999999128e+00 7.232915008730938199e-03 4.041812000269732701e-08 1.144673715258726077e-07
8.166666666666666519e-01 -1.166736111111110974e+00 7.295764992570514217e-03 2.287657861305057243e-08 6.477728864417997556e-08
8.183333333333333570e-01 -1.167417361111110496e+00 7.359072277365930059e-03 2.918731178001070606e-08 8.287213787427916145e-08
8.200000000000000622e-01 -1.168099999999999472e+00 7.422840185271551566e-03 7.146611255693793584e-08 2.033989737748598259e-07
8.216666666666666563e-01 -1.168784027777778123e+00 7.487072077052786025e-03 1.243717135124600829e-07 3.545989787356873535e-07
8.233333333333333615e-01 -1.169469444444444228e+00 7.551771353040571261e-03 1.653039939826205652e-07 4.721082119685249268e-07
8.249999999999999556e-01 -1.170156249999997122e+00 7.616941453878117718e-03 3.630574957344275290e-07 1.038667106101343052e-06
8.266666666666666607e-01 -1.170844444444440136e+00 7.682585861453641515e-03 8.798084194457604824e-07 2.521354943774145596e-06
8.283333333333333659e-01 -1.171534027777776821e+00 7.748708099768825998e-03 2.174416222638867472e-06 6.242145628332362861e-06
8.299999999999999600e-01 -1.172226845891091163e+00 7.813749352493864000e-03 3.123891056586346540e-02 8.948386413716952204e-02
8.316666666666666652e-01 -1.172929829206732943e+00 7.871854184265593413e-03 5.693255376369991960e-02 1.610188501661885541e-01
8.333333333333333703e-01 -1.173639479417100562e+00 7.925998045164200576e-03 7.007269505737609427e-02 1.967022375913557442e-01
8.349999999999999645e-01 -1.174356762941868082e+00 7.975377130247929269e-03 8.111621672308877429e-02 2.260346932255127839e-01
8.366666666666666696e-01 -1.175081534760101576e+00 8.020128122529860890e-03 9.083076574057452612e-02 2.512854330980370809e-01
8.383333333333333748e-01 -1.175813655327834661e+00 8.060382836410267052e-03 9.960564531309303027e-02 2.736168457274517629e-01
8.399999999999999689e-01 -1.176552990247296204e+00 8.096268511862528272e-03 1.076705701371222373e-01 2.937215617510917087e-01
8.416666666666666741e-01 -1.177299409963565413e+00 8.127908084633799629e-03 1.151745289143191187e-01 3.120531046182004609e-01
8.433333333333332682e-01 -1.178052789485856566e+00 8.155420434640599583e-03 1.222206617354942570e-01 3.289283350127164551e-01
8.449999999999999734e-01 -1.178813008130862983e+00 8.178920615055599447e-03 1.288838681689093157e-01 3.445793961308361020e-01
8.466666666666666785e-01 -1.179579949285960438e+00 8.198520063881886699e-03 1.352205720340362016e-01 3.591826485729927576e-01
8.483333333333332726e-01 -1.180353500190340021e+00 8.214326799842141397e-03 1.412745320119219161e-01 3.728759663673510971e-01
8.499999999999999778e-01 -1.181133551732363118e+00 8.226445603774326307e-03 1.470804949777634041e-01 3.857696617914574966e-01
8.499999999999999778e-01 -1.181133551732363562e+00 8.226445603773953341e-03 1.470804949777477499e-01 3.857696617914245230e-01
9.218750000000000000e-01 -1.219802389158288314e+00 6.383809023368719124e-03 3.058589167020171473e-01 6.535022588380596797e-01
9.937499999999999112e-01 -1.265545097965303123e+00 2.959938622541021403e-03 4.044485584532322986e-01 7.556193620736197936e-01
1.065625000000000044e+00 -1.316002264621528361e+00 1.436877796586363094e-03 4.802937598939256980e-01 8.127202948314042885e-01
1.137499999999999956e+00 -1.369871692995746848e+00 8.291062504185635167e-04 5.426433062217997927e-01 8.496191652381578363e-01
1.209375000000000089e+00 -1.426332194205658377e+00 5.160197371385786321e-04 5.956661363823645416e-01 8.754806699727795127e-01
1.281250000000000000e+00 -1.484825368098501297e+00 3.376571618509849218e-04 6.417190494310597293e-01 8.945936259079806385e-01
1.353124999999999911e+00 -1.544952086570052119e+00 2.293387977144503687e-04 6.823103112147052007e-01 9.092624259580410762e-01
1.424999999999999822e+00 -1.606416578755489377e+00 1.604366547363150167e-04 7.184834491192936268e-01 9.208450407003330174e-01
1.496874999999999956e+00 -1.668993514270446621e+00 1.149980948802970183e-04 7.509998780257473028e-01 9.301969048385676508e-01
1.568750000000000089e+00 -1.732507389907700590e+00 8.414166350697378956e-05 7.804368837108455192e-01 9.378848873795695429e-01
1.640625000000000000e+00 -1.796819001857056897e+00 6.266685801791507186e-05 8.072449645870868329e-01 9.442999277045969198e-01
1.712499999999999911e+00 -1.861816233742223048e+00 4.740378999712726508e-05 8.317836687872293133e-01 9.497204919705080073e-01
1.784374999999999822e+00 -1.927407592375247392e+00 3.635532253424070270e-05 8.543451699793350729e-01 9.543503098403354201e-01
1.856249999999999734e+00 -1.993517556898320109e+00 2.822753219550141592e-05 8.751704254629851798e-01 9.583418306726804170e-01
1.928125000000000089e+00 -2.060083160970808791e+00 2.216167684279505773e-05 8.944606258165996859e-01 9.618113510535637456e-01
2.000000000000000000e+00 -2.127051434850277811e+00 1.757571009624624890e-05 9.123855349014282634e-01 9.648490807935417024e-01
